                  acousticness  danceability  duration_ms    energy  instrumentalness       key  liveness  loudness      mode  speechiness     tempo  time_signature   valence  popularity  Movie_rate
acousticness          1.000000     -0.402723    -0.188346 -0.752574          0.400125 -0.025849 -0.123447 -0.631691 -0.008174    -0.046221 -0.249457       -0.173176 -0.385823   -0.142502    0.036497
danceability         -0.402723      1.000000     0.062605  0.481494         -0.502711  0.030736  0.077991  0.514315  0.026206     0.285034  0.204603        0.225036  0.682705    0.079062   -0.012268
duration_ms          -0.188346      0.062605     1.000000  0.175012         -0.126603  0.013879  0.030755  0.189830 -0.010489     0.012847  0.071117        0.103149  0.025063    0.072189    0.023950
energy               -0.752574      0.481494     0.175012  1.000000         -0.499411  0.040640  0.258085  0.833884  0.010506     0.168056  0.288001        0.190553  0.555686    0.137681   -0.011515
instrumentalness      0.400125     -0.502711    -0.126603 -0.499411          1.000000 -0.031636 -0.213390 -0.583769 -0.072545    -0.276251 -0.167853       -0.096550 -0.540826   -0.164354    0.026085
key                  -0.025849      0.030736     0.013879  0.040640         -0.031636  1.000000  0.001802  0.024472 -0.137315     0.033492  0.011268        0.008777  0.035157   -0.009224   -0.001690
liveness             -0.123447      0.077991     0.030755  0.258085         -0.213390  0.001802  1.000000  0.179760  0.024492     0.325626  0.026169        0.011343  0.155812   -0.027497    0.007413
loudness             -0.631691      0.514315     0.189830  0.833884         -0.583769  0.024472  0.179760  1.000000  0.041796     0.116986  0.271112        0.181804  0.532053    0.190660   -0.010734
mode                 -0.008174      0.026206    -0.010489  0.010506         -0.072545 -0.137315  0.024492  0.041796  1.000000    -0.034286  0.030754        0.003686  0.065158   -0.001317   -0.005653
speechiness          -0.046221      0.285034     0.012847  0.168056         -0.276251  0.033492  0.325626  0.116986 -0.034286     1.000000  0.009690        0.009657  0.206671   -0.062568   -0.011694
tempo                -0.249457      0.204603     0.071117  0.288001         -0.167853  0.011268  0.026169  0.271112  0.030754     0.009690  1.000000        0.147010  0.247800    0.056049   -0.017893
time_signature       -0.173176      0.225036     0.103149  0.190553         -0.096550  0.008777  0.011343  0.181804  0.003686     0.009657  0.147010        1.000000  0.174725    0.061684   -0.001172
valence              -0.385823      0.682705     0.025063  0.555686         -0.540826  0.035157  0.155812  0.532053  0.065158     0.206671  0.247800        0.174725  1.000000    0.036340    0.007743
popularity           -0.142502      0.079062     0.072189  0.137681         -0.164354 -0.009224 -0.027497  0.190660 -0.001317    -0.062568  0.056049        0.061684  0.036340    1.000000    0.094994
Movie_rate            0.036497     -0.012268     0.023950 -0.011515          0.026085 -0.001690  0.007413 -0.010734 -0.005653    -0.011694 -0.017893       -0.001172  0.007743    0.094994    1.000000                  acousticness  danceability  duration_ms    energy  instrumentalness       key  liveness  loudness      mode  speechiness     tempo  time_signature   valence  popularity  Movie_gross  Movie_rate  Movie_runtime  Movie_yr
acousticness          1.000000     -0.402723    -0.188346 -0.752574          0.400125 -0.025849 -0.123447 -0.631691 -0.008174    -0.046221 -0.249457       -0.173176 -0.385823   -0.142502     0.066992    0.036497       0.048982  0.028659
danceability         -0.402723      1.000000     0.062605  0.481494         -0.502711  0.030736  0.077991  0.514315  0.026206     0.285034  0.204603        0.225036  0.682705    0.079062    -0.185156   -0.012268      -0.113792 -0.092291
duration_ms          -0.188346      0.062605     1.000000  0.175012         -0.126603  0.013879  0.030755  0.189830 -0.010489     0.012847  0.071117        0.103149  0.025063    0.072189    -0.030712    0.023950       0.060443 -0.061727
energy               -0.752574      0.481494     0.175012  1.000000         -0.499411  0.040640  0.258085  0.833884  0.010506     0.168056  0.288001        0.190553  0.555686    0.137681    -0.115253   -0.011515      -0.075679 -0.083528
instrumentalness      0.400125     -0.502711    -0.126603 -0.499411          1.000000 -0.031636 -0.213390 -0.583769 -0.072545    -0.276251 -0.167853       -0.096550 -0.540826   -0.164354     0.178271    0.026085       0.101413  0.140622
key                  -0.025849      0.030736     0.013879  0.040640         -0.031636  1.000000  0.001802  0.024472 -0.137315     0.033492  0.011268        0.008777  0.035157   -0.009224    -0.012780   -0.001690      -0.001636 -0.004933
liveness             -0.123447      0.077991     0.030755  0.258085         -0.213390  0.001802  1.000000  0.179760  0.024492     0.325626  0.026169        0.011343  0.155812   -0.027497    -0.043768    0.007413      -0.022332 -0.139749
loudness             -0.631691      0.514315     0.189830  0.833884         -0.583769  0.024472  0.179760  1.000000  0.041796     0.116986  0.271112        0.181804  0.532053    0.190660    -0.112423   -0.010734      -0.089951 -0.083892
mode                 -0.008174      0.026206    -0.010489  0.010506         -0.072545 -0.137315  0.024492  0.041796  1.000000    -0.034286  0.030754        0.003686  0.065158   -0.001317    -0.012659   -0.005653      -0.037995 -0.026509
speechiness          -0.046221      0.285034     0.012847  0.168056         -0.276251  0.033492  0.325626  0.116986 -0.034286     1.000000  0.009690        0.009657  0.206671   -0.062568    -0.078223   -0.011694       0.009914 -0.111031
tempo                -0.249457      0.204603     0.071117  0.288001         -0.167853  0.011268  0.026169  0.271112  0.030754     0.009690  1.000000        0.147010  0.247800    0.056049    -0.057718   -0.017893      -0.052531 -0.028289
time_signature       -0.173176      0.225036     0.103149  0.190553         -0.096550  0.008777  0.011343  0.181804  0.003686     0.009657  0.147010        1.000000  0.174725    0.061684    -0.013537   -0.001172      -0.025851 -0.020922
valence              -0.385823      0.682705     0.025063  0.555686         -0.540826  0.035157  0.155812  0.532053  0.065158     0.206671  0.247800        0.174725  1.000000    0.036340    -0.177787    0.007743      -0.109350 -0.153690
popularity           -0.142502      0.079062     0.072189  0.137681         -0.164354 -0.009224 -0.027497  0.190660 -0.001317    -0.062568  0.056049        0.061684  0.036340    1.000000     0.222900    0.094994       0.049032  0.109882
Movie_gross           0.066992     -0.185156    -0.030712 -0.115253          0.178271 -0.012780 -0.043768 -0.112423 -0.012659    -0.078223 -0.057718       -0.013537 -0.177787    0.222900     1.000000    0.114283       0.184875  0.211731
Movie_rate            0.036497     -0.012268     0.023950 -0.011515          0.026085 -0.001690  0.007413 -0.010734 -0.005653    -0.011694 -0.017893       -0.001172  0.007743    0.094994     0.114283    1.000000       0.262745 -0.289332
Movie_runtime         0.048982     -0.113792     0.060443 -0.075679          0.101413 -0.001636 -0.022332 -0.089951 -0.037995     0.009914 -0.052531       -0.025851 -0.109350    0.049032     0.184875    0.262745       1.000000  0.069170
Movie_yr              0.028659     -0.092291    -0.061727 -0.083528          0.140622 -0.004933 -0.139749 -0.083892 -0.026509    -0.111031 -0.028289       -0.020922 -0.153690    0.109882     0.211731   -0.289332       0.069170  1.000000                  acousticness  danceability  duration_ms    energy  instrumentalness       key  liveness  loudness      mode  speechiness     tempo  time_signature   valence  popularity  Movie_gross  Movie_rate  Movie_runtime  Movie_yr
acousticness          1.000000     -0.402723    -0.188346 -0.752574          0.400125 -0.025849 -0.123447 -0.631691 -0.008174    -0.046221 -0.249457       -0.173176 -0.385823   -0.142502     0.066992    0.036497       0.048982  0.028659
danceability         -0.402723      1.000000     0.062605  0.481494         -0.502711  0.030736  0.077991  0.514315  0.026206     0.285034  0.204603        0.225036  0.682705    0.079062    -0.185156   -0.012268      -0.113792 -0.092291
duration_ms          -0.188346      0.062605     1.000000  0.175012         -0.126603  0.013879  0.030755  0.189830 -0.010489     0.012847  0.071117        0.103149  0.025063    0.072189    -0.030712    0.023950       0.060443 -0.061727
energy               -0.752574      0.481494     0.175012  1.000000         -0.499411  0.040640  0.258085  0.833884  0.010506     0.168056  0.288001        0.190553  0.555686    0.137681    -0.115253   -0.011515      -0.075679 -0.083528
instrumentalness      0.400125     -0.502711    -0.126603 -0.499411          1.000000 -0.031636 -0.213390 -0.583769 -0.072545    -0.276251 -0.167853       -0.096550 -0.540826   -0.164354     0.178271    0.026085       0.101413  0.140622
key                  -0.025849      0.030736     0.013879  0.040640         -0.031636  1.000000  0.001802  0.024472 -0.137315     0.033492  0.011268        0.008777  0.035157   -0.009224    -0.012780   -0.001690      -0.001636 -0.004933
liveness             -0.123447      0.077991     0.030755  0.258085         -0.213390  0.001802  1.000000  0.179760  0.024492     0.325626  0.026169        0.011343  0.155812   -0.027497    -0.043768    0.007413      -0.022332 -0.139749
loudness             -0.631691      0.514315     0.189830  0.833884         -0.583769  0.024472  0.179760  1.000000  0.041796     0.116986  0.271112        0.181804  0.532053    0.190660    -0.112423   -0.010734      -0.089951 -0.083892
mode                 -0.008174      0.026206    -0.010489  0.010506         -0.072545 -0.137315  0.024492  0.041796  1.000000    -0.034286  0.030754        0.003686  0.065158   -0.001317    -0.012659   -0.005653      -0.037995 -0.026509
speechiness          -0.046221      0.285034     0.012847  0.168056         -0.276251  0.033492  0.325626  0.116986 -0.034286     1.000000  0.009690        0.009657  0.206671   -0.062568    -0.078223   -0.011694       0.009914 -0.111031
tempo                -0.249457      0.204603     0.071117  0.288001         -0.167853  0.011268  0.026169  0.271112  0.030754     0.009690  1.000000        0.147010  0.247800    0.056049    -0.057718   -0.017893      -0.052531 -0.028289
time_signature       -0.173176      0.225036     0.103149  0.190553         -0.096550  0.008777  0.011343  0.181804  0.003686     0.009657  0.147010        1.000000  0.174725    0.061684    -0.013537   -0.001172      -0.025851 -0.020922
valence              -0.385823      0.682705     0.025063  0.555686         -0.540826  0.035157  0.155812  0.532053  0.065158     0.206671  0.247800        0.174725  1.000000    0.036340    -0.177787    0.007743      -0.109350 -0.153690
popularity           -0.142502      0.079062     0.072189  0.137681         -0.164354 -0.009224 -0.027497  0.190660 -0.001317    -0.062568  0.056049        0.061684  0.036340    1.000000     0.222900    0.094994       0.049032  0.109882
Movie_gross           0.066992     -0.185156    -0.030712 -0.115253          0.178271 -0.012780 -0.043768 -0.112423 -0.012659    -0.078223 -0.057718       -0.013537 -0.177787    0.222900     1.000000    0.114283       0.184875  0.211731
Movie_rate            0.036497     -0.012268     0.023950 -0.011515          0.026085 -0.001690  0.007413 -0.010734 -0.005653    -0.011694 -0.017893       -0.001172  0.007743    0.094994     0.114283    1.000000       0.262745 -0.289332
Movie_runtime         0.048982     -0.113792     0.060443 -0.075679          0.101413 -0.001636 -0.022332 -0.089951 -0.037995     0.009914 -0.052531       -0.025851 -0.109350    0.049032     0.184875    0.262745       1.000000  0.069170
Movie_yr              0.028659     -0.092291    -0.061727 -0.083528          0.140622 -0.004933 -0.139749 -0.083892 -0.026509    -0.111031 -0.028289       -0.020922 -0.153690    0.109882     0.211731   -0.289332       0.069170  1.000000